date,hour,type,北京,天津,石家庄,唐山,秦皇岛,邯郸,保定,张家口,承德,廊坊,沧州,衡水,邢台,太原,呼和浩特,沈阳,大连,长春,哈尔滨,上海,南京,苏州,南通,连云港,徐州,扬州,无锡,常州,镇江,泰州,淮安,盐城,宿迁,杭州,宁波,温州,绍兴,湖州,嘉兴,台州,舟山,金华,衢州,丽水,合肥,福州,厦门,南昌,济南,青岛,郑州,武汉,长沙,广州,深圳,珠海,佛山,中山,江门,东莞,惠州,肇庆,南宁,海口,重庆,成都,贵阳,昆明,拉萨,西安,兰州,西宁,银川,乌鲁木齐,湘潭,株洲,包头,鄂尔多斯,营口,丹东,盘锦,葫芦岛,泉州,临沂,德州,聊城,滨州,淄博,枣庄,烟台,潍坊,济宁,泰安,日照,威海,东营,韶关,汕头,湛江,茂名,梅州,汕尾,河源,阳江,清远,潮州,揭阳,云浮,玉溪,菏泽,大同,长治,临汾,阳泉,赤峰,鞍山,抚顺,本溪,锦州,吉林,齐齐哈尔,牡丹江,大庆,芜湖,马鞍山,九江,洛阳,安阳,开封,焦作,平顶山,三门峡,宜昌,荆州,岳阳,常德,张家界,桂林,北海,柳州,三亚,绵阳,宜宾,攀枝花,泸州,自贡,德阳,南充,遵义,曲靖,咸阳,铜川,延安,宝鸡,渭南,金昌,嘉峪关,石嘴山,克拉玛依,库尔勒,寿光,章丘,即墨,胶南,胶州,莱西,平度,蓬莱,招远,莱州,荣成,文登,乳山,吴江,昆山,常熟,张家港,太仓,句容,江阴,宜兴,金坛,溧阳,海门,临安,富阳,义乌,诸暨,瓦房店,信阳,周口,漳州,晋城,朔州,晋中,运城,忻州,吕梁,乌海,通辽,呼伦贝尔,巴彦淖尔,乌兰察布,兴安盟,锡林郭勒盟,阿拉善盟,阜新,辽阳,铁岭,朝阳,四平,辽源,通化,白山,松原,白城,延边州,鸡西,鹤岗,双鸭山,伊春,佳木斯,七台河,黑河,绥化,大兴安岭地区,蚌埠,淮南,淮北,铜陵,安庆,黄山,滁州,阜阳,宿州,六安,亳州,池州,宣城,莆田,三明,南平,龙岩,宁德,景德镇,萍乡,新余,鹰潭,赣州,吉安,宜春,抚州,上饶,鹤壁,新乡,濮阳,许昌,漯河,南阳,商丘,驻马店,黄石,十堰,襄阳,鄂州,荆门,孝感,黄冈,咸宁,随州,恩施州,衡阳,邵阳,益阳,郴州,永州,怀化,娄底,湘西州,梧州,防城港,钦州,贵港,玉林,百色,贺州,河池,来宾,崇左,广元,遂宁,内江,乐山,眉山,广安,达州,雅安,巴中,资阳,阿坝州,甘孜州,凉山州,六盘水,安顺,铜仁地区,毕节,黔西南州,黔东南州,黔南州,保山,昭通,丽江,普洱,临沧,楚雄州,红河州,文山州,西双版纳州,大理州,德宏州,怒江州,迪庆州,昌都,山南,日喀则,那曲地区,阿里地区,林芝,汉中,榆林,安康,商洛,白银,天水,武威,张掖,平凉,酒泉,庆阳,定西,陇南,临夏州,甘南州,海东地区,海北州,黄南州,海南州,果洛州,玉树州,海西州,吴忠,中卫,固原,吐鲁番地区,哈密地区,昌吉州,博州,阿克苏地区,克州,喀什地区,和田地区,伊犁哈萨克州,塔城地区,阿勒泰地区,石河子,五家渠,三沙
20140724,20,AQI,61,83,28,135,58,51,69,45,65,56,67,72,39,49,72,59,24,146,270,62,58,56,60,30,38,60,62,56,70,60,16,62,13,44,41,69,26,40,51,32,35,28,19,30,39,52,39,22,71,21,70,74,116,60,50,51,50,48,61,61,59,55,71,30,46,28,55,66,40,50,49,51,51,68,110,111,53,34,57,41,54,67,34,58,60,80,13,62,37,23,50,93,65,22,49,33,55,39,55,60,42,24,74,53,32,38,37,76,60,74,46,34,24,51,53,89,58,101,56,187,200,238,269,35,34,74,33,55,65,42,118,110,60,51,66,96,42,93,35,91,23,48,32,63,34,32,61,36,45,51,43,40,73,38,38,35,54,43,46,81,43,32,23,13,22,44,40,34,39,44,31,28,20,59,66,61,90,61,23,41,30,33,31,51,45,25,37,43,65,,,,,,,,,,,,,,,,,,,,,,,,,,,,,,,,,,,,,,,,,,,,,,,,,,,,,,,,,,,,,,,,,,,,,,,,,,,,,,,,,,,,,,,,,,,,,,,,,,,,,,,,,,,,,,,,,,,,,,,,,,,,,,,,,,,,,,,,,,,,,,,,,,,,,,,,,,,,,,,,,,,,,,,,,,,,,,,,,,
20140724,20,PM2.5,44,61,14,103,29,22,50,18,18,32,46,40,11,15,19,41,13,112,220,20,34,21,23,4,22,32,19,23,35,24,9,21,,22,15,50,18,21,21,16,12,18,10,14,11,15,11,10,52,7,28,47,88,43,24,18,33,29,38,38,35,39,50,10,24,10,31,34,16,15,26,25,8,17,83,84,19,11,36,24,25,25,20,14,43,54,6,40,23,8,28,58,47,10,8,12,32,12,25,38,25,10,54,27,20,18,20,56,43,54,27,13,15,20,25,64,41,76,33,141,150,188,219,24,24,53,13,20,47,17,35,83,42,31,35,72,24,69,10,68,12,30,17,31,21,22,21,25,27,28,6,18,27,14,11,13,14,7,32,21,30,22,3,9,13,27,20,4,18,14,8,7,6,18,18,16,24,24,15,29,15,16,7,20,19,17,20,17,47,,,,,,,,,,,,,,,,,,,,,,,,,,,,,,,,,,,,,,,,,,,,,,,,,,,,,,,,,,,,,,,,,,,,,,,,,,,,,,,,,,,,,,,,,,,,,,,,,,,,,,,,,,,,,,,,,,,,,,,,,,,,,,,,,,,,,,,,,,,,,,,,,,,,,,,,,,,,,,,,,,,,,,,,,,,,,,,,,,
20140724,20,PM2.5_24h,63,50,30,66,28,57,54,24,18,46,47,58,23,21,27,45,21,45,107,20,34,20,24,30,63,36,21,25,38,29,35,20,53,23,16,22,18,20,19,19,12,17,14,8,48,32,13,12,128,25,47,54,88,60,29,25,40,34,33,51,45,56,39,10,32,18,43,34,9,16,70,46,49,41,88,84,33,11,39,36,32,44,16,52,57,76,78,83,86,29,38,93,71,24,12,51,58,13,17,29,28,17,77,29,22,32,21,28,33,51,37,34,30,18,19,108,72,56,38,45,138,94,151,32,27,29,20,88,47,64,39,32,51,48,57,59,35,72,7,58,8,20,24,37,34,24,17,24,47,68,9,9,15,16,15,13,15,35,32,37,52,75,18,21,35,36,30,22,36,28,5,10,15,14,18,14,24,22,19,27,13,14,12,17,23,20,17,14,46,,,,,,,,,,,,,,,,,,,,,,,,,,,,,,,,,,,,,,,,,,,,,,,,,,,,,,,,,,,,,,,,,,,,,,,,,,,,,,,,,,,,,,,,,,,,,,,,,,,,,,,,,,,,,,,,,,,,,,,,,,,,,,,,,,,,,,,,,,,,,,,,,,,,,,,,,,,,,,,,,,,,,,,,,,,,,,,,,,
20140724,20,PM10,68,91,25,182,66,51,73,45,80,61,83,93,39,49,94,67,24,162,254,74,66,61,70,30,38,69,73,62,89,69,16,74,9,44,41,71,20,40,52,32,35,28,12,30,39,53,39,21,78,21,90,98,129,60,50,52,50,48,72,71,67,50,91,30,46,22,60,81,40,50,49,51,52,86,117,131,56,33,64,41,58,83,34,66,32,109,8,73,37,20,50,136,,22,49,27,59,39,60,69,42,24,79,55,32,38,37,86,66,97,46,34,24,52,56,128,62,101,62,158,185,240,247,35,28,98,33,59,78,42,185,130,70,52,81,84,42,101,35,99,23,44,26,76,27,32,56,36,45,52,43,40,96,38,38,21,58,43,46,111,31,32,2,9,16,44,40,15,39,44,8,12,10,67,82,71,129,71,20,,30,33,31,52,45,25,37,43,62,,,,,,,,,,,,,,,,,,,,,,,,,,,,,,,,,,,,,,,,,,,,,,,,,,,,,,,,,,,,,,,,,,,,,,,,,,,,,,,,,,,,,,,,,,,,,,,,,,,,,,,,,,,,,,,,,,,,,,,,,,,,,,,,,,,,,,,,,,,,,,,,,,,,,,,,,,,,,,,,,,,,,,,,,,,,,,,,,,
20140724,20,PM10_24h,121,89,82,138,71,125,103,58,68,85,98,119,60,60,88,89,45,78,141,53,73,62,61,81,104,80,62,68,102,72,64,64,89,41,38,44,32,49,45,39,33,25,21,15,64,27,22,35,222,60,98,96,134,95,51,48,61,48,48,75,66,88,84,29,64,36,103,79,18,60,99,80,79,186,118,123,79,26,64,60,59,89,28,121,84,134,152,139,156,43,72,134,141,40,27,114,92,29,38,48,46,31,95,45,46,39,45,35,62,86,60,71,52,54,70,186,112,93,65,76,159,144,174,55,51,59,41,136,118,87,82,65,89,86,106,90,63,106,32,97,16,36,47,86,62,49,52,38,83,103,44,25,61,38,42,37,59,68,62,120,87,119,25,31,49,48,46,46,47,58,11,21,22,49,60,58,125,50,52,83,38,40,34,43,52,36,34,32,82,,,,,,,,,,,,,,,,,,,,,,,,,,,,,,,,,,,,,,,,,,,,,,,,,,,,,,,,,,,,,,,,,,,,,,,,,,,,,,,,,,,,,,,,,,,,,,,,,,,,,,,,,,,,,,,,,,,,,,,,,,,,,,,,,,,,,,,,,,,,,,,,,,,,,,,,,,,,,,,,,,,,,,,,,,,,,,,,,,
20140724,20,SO2,6,16,10,19,23,22,28,19,29,15,9,13,35,13,23,13,3,6,13,6,5,10,10,3,16,6,11,26,33,18,16,10,5,8,8,6,8,7,9,2,3,10,4,11,17,7,6,13,64,10,23,9,17,3,6,11,14,12,14,15,8,9,12,5,12,9,8,15,9,7,6,11,5,5,15,46,23,9,11,14,18,20,6,9,11,17,6,37,6,4,11,43,14,9,9,14,27,12,9,22,7,6,8,5,10,14,11,10,23,28,20,16,30,32,19,33,11,17,35,7,4,10,13,32,3,12,29,39,42,35,34,47,19,11,30,65,4,19,11,17,2,13,9,42,12,16,18,21,17,32,15,22,10,8,10,33,18,41,4,19,12,16,3,2,3,2,2,5,32,7,11,12,14,7,20,12,18,21,15,39,16,13,27,8,10,16,24,5,5,,,,,,,,,,,,,,,,,,,,,,,,,,,,,,,,,,,,,,,,,,,,,,,,,,,,,,,,,,,,,,,,,,,,,,,,,,,,,,,,,,,,,,,,,,,,,,,,,,,,,,,,,,,,,,,,,,,,,,,,,,,,,,,,,,,,,,,,,,,,,,,,,,,,,,,,,,,,,,,,,,,,,,,,,,,,,,,,,,
20140724,20,SO2_24h,6,24,23,36,41,25,35,22,18,12,16,14,27,23,18,15,6,8,9,6,11,9,12,5,34,55,14,32,37,24,21,10,10,9,9,4,13,8,7,2,3,11,7,6,13,6,4,8,81,10,37,17,16,21,12,8,22,13,9,25,16,22,18,10,17,8,18,44,9,13,19,21,8,16,16,20,59,9,10,18,19,51,5,26,32,25,21,71,27,10,15,81,43,9,12,40,23,12,9,21,12,7,16,7,11,14,14,11,25,43,32,26,59,37,24,27,29,20,24,8,6,9,12,39,6,10,49,33,55,73,38,19,26,12,33,13,14,58,87,64,3,14,14,41,7,15,23,22,15,46,17,15,7,10,13,25,16,28,4,24,24,55,3,3,8,4,3,10,14,9,12,13,14,6,24,13,32,24,13,46,15,16,24,8,9,22,18,4,9,,,,,,,,,,,,,,,,,,,,,,,,,,,,,,,,,,,,,,,,,,,,,,,,,,,,,,,,,,,,,,,,,,,,,,,,,,,,,,,,,,,,,,,,,,,,,,,,,,,,,,,,,,,,,,,,,,,,,,,,,,,,,,,,,,,,,,,,,,,,,,,,,,,,,,,,,,,,,,,,,,,,,,,,,,,,,,,,,,
20140724,20,NO2,46,55,34,37,56,31,44,20,43,37,32,34,39,32,67,57,35,64,68,11,18,22,20,11,29,39,19,31,41,11,12,12,25,33,10,26,5,20,15,5,4,22,7,37,14,45,17,43,68,32,38,30,26,44,34,24,29,16,15,32,28,41,50,17,21,47,23,59,23,33,43,24,22,27,31,26,47,22,41,21,36,69,24,30,28,32,13,55,14,10,17,55,15,10,21,9,42,16,13,17,13,4,15,7,27,13,20,28,24,23,28,20,31,28,21,48,38,41,56,46,44,46,29,12,7,16,50,65,24,11,25,23,30,29,32,18,12,52,9,26,18,38,21,28,18,27,25,22,26,33,29,21,65,25,26,18,22,30,14,14,10,25,8,18,13,12,17,14,20,27,6,7,3,20,16,24,13,15,39,23,10,20,20,6,26,32,61,13,22,,,,,,,,,,,,,,,,,,,,,,,,,,,,,,,,,,,,,,,,,,,,,,,,,,,,,,,,,,,,,,,,,,,,,,,,,,,,,,,,,,,,,,,,,,,,,,,,,,,,,,,,,,,,,,,,,,,,,,,,,,,,,,,,,,,,,,,,,,,,,,,,,,,,,,,,,,,,,,,,,,,,,,,,,,,,,,,,,,
20140724,20,NO2_24h,76,54,52,48,54,39,43,20,42,31,43,33,27,40,37,38,35,35,33,12,23,20,20,19,27,39,19,29,32,14,15,15,36,28,10,12,20,21,17,6,5,16,12,18,13,20,13,21,70,24,44,22,21,37,28,18,23,11,11,31,29,27,40,18,27,36,40,38,13,27,68,30,26,58,35,23,41,12,38,20,27,65,12,31,48,39,31,73,26,31,24,48,38,10,27,31,29,12,10,15,16,4,26,12,21,11,15,15,15,22,32,37,30,36,26,45,33,34,49,27,18,22,20,13,8,13,36,54,27,37,22,23,25,19,14,12,11,43,5,32,13,31,19,29,27,24,29,23,33,28,23,20,44,21,34,20,22,26,17,33,24,55,8,13,25,22,18,33,20,31,7,10,4,14,21,26,30,17,29,30,8,19,16,6,28,26,26,9,31,,,,,,,,,,,,,,,,,,,,,,,,,,,,,,,,,,,,,,,,,,,,,,,,,,,,,,,,,,,,,,,,,,,,,,,,,,,,,,,,,,,,,,,,,,,,,,,,,,,,,,,,,,,,,,,,,,,,,,,,,,,,,,,,,,,,,,,,,,,,,,,,,,,,,,,,,,,,,,,,,,,,,,,,,,,,,,,,,,
20140724,20,O3,118,65,88,26,25,48,109,75,65,58,59,85,84,91,57,49,48,45,56,55,55,55,45,39,22,43,56,53,22,37,50,50,24,36,63,55,79,35,61,71,44,41,62,42,42,34,55,22,28,30,95,147,99,69,41,53,73,78,66,113,66,63,59,37,120,88,91,78,44,113,60,75,96,57,99,125,106,110,72,63,50,53,16,18,80,76,42,47,50,73,75,37,68,32,89,106,40,28,34,59,74,52,142,76,29,34,31,54,39,90,81,95,72,69,91,74,61,66,37,61,41,37,85,34,40,70,42,62,71,80,137,154,53,78,40,50,62,79,60,94,42,155,101,76,110,41,169,57,72,94,72,119,56,98,89,112,154,81,92,103,66,55,74,38,69,111,,108,61,45,100,91,64,50,51,34,49,62,73,65,60,43,37,56,41,29,15,37,82,,,,,,,,,,,,,,,,,,,,,,,,,,,,,,,,,,,,,,,,,,,,,,,,,,,,,,,,,,,,,,,,,,,,,,,,,,,,,,,,,,,,,,,,,,,,,,,,,,,,,,,,,,,,,,,,,,,,,,,,,,,,,,,,,,,,,,,,,,,,,,,,,,,,,,,,,,,,,,,,,,,,,,,,,,,,,,,,,,
20140724,20,O3_24h,137,107,108,77,49,105,116,125,123,83,90,96,113,138,135,110,90,112,101,88,139,96,130,89,113,148,110,125,122,93,137,78,75,69,85,71,67,78,94,73,55,57,43,78,71,71,72,80,85,80,136,314,135,249,83,101,188,130,108,287,180,176,122,56,178,139,123,139,78,151,129,86,123,133,123,170,170,144,103,129,100,92,50,150,139,126,77,117,171,91,134,201,121,80,97,130,191,68,65,97,104,123,242,118,78,102,83,137,82,207,115,115,107,88,80,112,143,128,77,142,99,123,111,53,74,148,88,98,130,116,197,175,122,90,69,57,118,117,86,345,53,175,135,139,138,61,197,73,93,158,87,134,136,123,125,117,175,98,124,128,83,74,77,96,77,94,64,108,90,96,114,101,65,91,82,80,117,106,136,123,114,122,83,113,66,58,57,53,136,,,,,,,,,,,,,,,,,,,,,,,,,,,,,,,,,,,,,,,,,,,,,,,,,,,,,,,,,,,,,,,,,,,,,,,,,,,,,,,,,,,,,,,,,,,,,,,,,,,,,,,,,,,,,,,,,,,,,,,,,,,,,,,,,,,,,,,,,,,,,,,,,,,,,,,,,,,,,,,,,,,,,,,,,,,,,,,,,,
20140724,20,O3_8h,107,68,73,36,37,73,86,102,96,73,75,88,102,122,107,87,63,83,81,67,104,72,77,47,66,99,80,87,77,67,64,66,44,44,55,57,65,53,74,66,42,47,55,57,44,53,57,35,57,43,111,136,122,191,55,72,152,112,92,206,142,132,102,42,141,113,101,107,62,134,94,78,108,81,108,158,146,132,83,106,80,74,24,68,100,99,41,59,117,63,86,139,67,35,88,92,105,39,58,85,68,61,208,98,56,67,61,105,68,153,104,87,91,75,97,94,110,100,62,107,80,97,96,36,57,47,67,87,97,76,167,139,90,85,51,54,99,115,62,181,47,127,122,114,122,40,158,59,84,136,77,123,118,116,110,107,159,91,83,106,64,48,61,48,56,82,,91,58,53,105,93,60,71,61,44,57,78,104,88,91,78,63,69,45,38,42,39,91,,,,,,,,,,,,,,,,,,,,,,,,,,,,,,,,,,,,,,,,,,,,,,,,,,,,,,,,,,,,,,,,,,,,,,,,,,,,,,,,,,,,,,,,,,,,,,,,,,,,,,,,,,,,,,,,,,,,,,,,,,,,,,,,,,,,,,,,,,,,,,,,,,,,,,,,,,,,,,,,,,,,,,,,,,,,,,,,,,
20140724,20,O3_8h_24h,107,111,90,70,40,102,92,104,99,89,80,90,105,124,114,147,84,101,84,70,121,82,120,104,169,191,95,121,114,114,202,111,104,82,58,61,64,78,80,66,53,47,60,65,61,62,69,96,77,70,130,154,125,202,113,107,160,148,116,237,220,147,107,43,226,116,124,107,80,136,87,78,113,140,118,161,150,136,98,119,100,112,41,158,110,101,52,100,142,89,119,158,85,83,101,147,144,74,61,91,76,149,213,99,65,74,74,118,77,164,106,87,93,77,81,108,157,103,112,120,87,114,97,61,83,134,70,113,103,87,167,139,96,85,60,60,107,129,79,193,49,127,153,114,158,49,158,69,93,137,77,124,132,117,110,107,171,97,106,125,105,56,80,81,88,120,64,121,106,110,105,96,66,78,67,62,79,82,116,109,121,113,100,91,81,44,43,41,96,,,,,,,,,,,,,,,,,,,,,,,,,,,,,,,,,,,,,,,,,,,,,,,,,,,,,,,,,,,,,,,,,,,,,,,,,,,,,,,,,,,,,,,,,,,,,,,,,,,,,,,,,,,,,,,,,,,,,,,,,,,,,,,,,,,,,,,,,,,,,,,,,,,,,,,,,,,,,,,,,,,,,,,,,,,,,,,,,,
20140724,20,CO,0.70,1.70,0.42,0.43,0.72,0.46,1.06,0.66,0.65,1.57,0.56,1.02,0.34,0.49,0.83,0.63,0.44,1.16,1.53,0.38,0.59,0.57,0.45,0.52,0.85,0.42,0.56,0.92,1.38,0.60,0.38,0.24,0.43,0.53,0.46,0.67,0.18,0.54,0.24,0.54,0.55,0.67,0.55,0.80,0.44,1.13,0.39,0.97,2.01,0.37,1.05,0.73,0.84,0.74,1.10,0.84,0.83,1.04,1.00,0.67,0.66,1.28,1.04,0.45,0.62,0.67,0.91,0.75,0.57,0.77,0.53,0.56,0.65,0.50,0.88,0.98,1.07,0.46,1.47,1.80,0.83,0.83,0.83,1.06,1.02,1.05,0.84,1.23,0.58,0.33,0.31,1.32,0.94,0.33,0.29,0.50,1.48,0.79,0.89,0.81,0.81,0.87,0.85,0.80,1.87,1.74,1.22,1.41,2.61,1.01,0.69,0.66,0.88,0.76,0.79,1.83,0.74,2.92,0.63,0.88,1.06,1.12,1.48,0.37,0.72,0.96,2.17,1.29,0.61,0.88,0.66,1.20,0.94,1.02,1.12,,1.37,0.77,0.84,0.97,0.46,0.67,0.64,1.20,0.37,0.43,0.65,0.33,0.39,1.33,0.63,0.51,0.76,0.87,0.39,0.91,0.41,0.48,1.69,0.50,0.56,0.93,0.29,0.55,0.21,0.51,1.64,1.69,,0.36,0.16,0.76,0.69,0.49,1.21,0.28,0.40,0.74,0.44,0.69,0.58,0.67,0.34,0.14,0.52,0.73,1.08,1.12,0.67,,,,,,,,,,,,,,,,,,,,,,,,,,,,,,,,,,,,,,,,,,,,,,,,,,,,,,,,,,,,,,,,,,,,,,,,,,,,,,,,,,,,,,,,,,,,,,,,,,,,,,,,,,,,,,,,,,,,,,,,,,,,,,,,,,,,,,,,,,,,,,,,,,,,,,,,,,,,,,,,,,,,,,,,,,,,,,,,,,
20140724,20,CO_24h,0.97,1.70,0.68,0.69,1.37,1.57,0.83,0.85,0.58,0.86,0.76,0.64,0.56,0.65,0.77,1.45,0.75,0.70,0.91,0.46,0.66,0.55,0.49,0.69,1.27,0.78,0.55,0.65,1.50,0.81,0.64,0.31,0.64,0.53,0.49,0.63,0.35,0.59,0.43,0.53,0.55,0.55,0.36,0.51,0.92,0.99,0.40,0.94,2.15,0.44,1.35,0.95,0.92,0.87,1.15,0.96,0.91,0.99,0.92,0.89,0.76,1.27,0.95,0.43,0.71,0.82,0.82,0.84,0.68,0.83,2.17,1.06,0.81,0.70,0.94,0.98,1.79,0.49,2.06,1.73,1.40,1.20,0.64,1.35,1.30,1.34,1.41,2.19,1.16,0.71,0.55,1.66,2.44,0.39,0.35,1.12,1.22,0.66,1.00,0.65,1.02,0.85,1.17,0.86,1.65,1.38,1.18,1.24,2.21,1.14,0.97,1.04,1.61,0.66,0.71,2.97,2.24,3.21,1.15,0.69,0.95,0.57,1.04,0.44,0.75,0.65,1.28,1.71,0.96,1.41,0.62,0.71,0.84,1.10,1.15,,1.22,0.80,0.86,1.18,0.44,0.58,0.64,1.40,0.48,0.41,0.70,0.26,0.49,1.97,0.52,0.39,0.88,0.88,0.40,1.12,0.35,0.60,1.57,0.60,0.98,2.78,0.30,0.64,0.32,0.58,1.07,2.19,0.63,0.61,0.18,0.83,0.80,0.44,1.27,0.30,0.73,0.86,0.41,0.78,0.53,0.69,0.31,0.14,0.51,0.61,0.63,0.95,0.98,,,,,,,,,,,,,,,,,,,,,,,,,,,,,,,,,,,,,,,,,,,,,,,,,,,,,,,,,,,,,,,,,,,,,,,,,,,,,,,,,,,,,,,,,,,,,,,,,,,,,,,,,,,,,,,,,,,,,,,,,,,,,,,,,,,,,,,,,,,,,,,,,,,,,,,,,,,,,,,,,,,,,,,,,,,,,,,,,,
20140724,21,AQI,62,70,38,120,55,51,101,43,66,72,64,129,44,52,89,64,26,163,274,57,34,61,60,41,41,55,58,55,53,51,18,56,28,35,37,70,25,34,47,31,37,20,18,21,31,54,24,29,73,17,69,78,119,54,51,43,59,46,41,56,53,56,83,28,48,30,53,73,49,56,60,66,80,30,120,104,63,36,55,38,50,72,49,67,44,73,14,58,24,23,40,49,66,22,31,32,55,36,53,61,34,24,66,28,41,45,36,74,59,68,50,35,52,59,59,89,63,94,58,200,189,244,277,42,31,78,43,56,58,40,88,121,63,53,73,83,35,104,50,86,22,51,39,66,36,47,55,40,62,52,53,52,83,51,52,35,58,59,84,72,43,35,24,10,23,29,26,32,19,33,33,31,19,55,66,58,137,64,55,52,32,30,29,49,38,20,28,32,55,,,,,,,,,,,,,,,,,,,,,,,,,,,,,,,,,,,,,,,,,,,,,,,,,,,,,,,,,,,,,,,,,,,,,,,,,,,,,,,,,,,,,,,,,,,,,,,,,,,,,,,,,,,,,,,,,,,,,,,,,,,,,,,,,,,,,,,,,,,,,,,,,,,,,,,,,,,,,,,,,,,,,,,,,,,,,,,,,,
20140724,21,PM2.5,39,51,19,91,31,28,76,19,24,48,46,98,19,17,22,40,15,124,224,21,24,20,24,11,19,34,21,24,34,24,8,20,3,20,14,51,16,19,23,15,12,14,7,13,7,17,14,12,53,6,30,49,90,38,22,18,34,31,26,40,37,40,60,11,25,13,27,46,16,20,34,37,20,14,91,78,22,14,35,24,28,33,23,20,26,53,8,41,13,5,24,34,48,12,6,9,34,11,28,41,24,10,48,19,29,17,20,48,41,49,29,13,17,20,26,66,45,70,36,150,142,194,227,28,22,49,12,24,30,18,37,92,44,36,41,61,19,55,8,64,10,35,22,37,24,25,10,28,37,29,11,28,32,17,15,7,17,10,31,26,23,20,6,7,6,19,8,6,9,15,6,5,5,15,16,13,23,24,10,24,17,15,8,16,20,14,16,16,39,,,,,,,,,,,,,,,,,,,,,,,,,,,,,,,,,,,,,,,,,,,,,,,,,,,,,,,,,,,,,,,,,,,,,,,,,,,,,,,,,,,,,,,,,,,,,,,,,,,,,,,,,,,,,,,,,,,,,,,,,,,,,,,,,,,,,,,,,,,,,,,,,,,,,,,,,,,,,,,,,,,,,,,,,,,,,,,,,,
20140724,21,PM2.5_24h,62,51,30,68,28,57,56,24,18,46,48,61,23,21,28,45,21,50,116,20,33,20,24,29,61,35,21,25,36,28,34,20,52,22,16,24,17,20,19,19,12,16,13,8,46,32,12,12,127,24,46,53,88,60,28,25,39,33,33,50,44,54,39,10,31,17,42,34,9,16,69,47,49,41,88,84,33,11,40,35,31,43,16,47,57,76,75,81,84,27,38,91,70,23,12,49,57,13,17,29,28,17,74,29,22,31,21,29,33,52,37,33,30,18,20,108,71,58,37,49,139,101,158,31,27,30,20,86,48,62,37,34,50,47,56,59,35,73,7,59,8,21,23,37,34,24,17,23,46,68,9,10,16,16,14,13,15,34,32,37,51,73,18,21,33,36,29,22,35,28,5,9,14,14,18,14,24,22,18,27,14,14,12,17,23,20,17,14,46,,,,,,,,,,,,,,,,,,,,,,,,,,,,,,,,,,,,,,,,,,,,,,,,,,,,,,,,,,,,,,,,,,,,,,,,,,,,,,,,,,,,,,,,,,,,,,,,,,,,,,,,,,,,,,,,,,,,,,,,,,,,,,,,,,,,,,,,,,,,,,,,,,,,,,,,,,,,,,,,,,,,,,,,,,,,,,,,,,
20140724,21,PM10,74,82,38,151,59,51,99,43,81,94,64,133,44,53,127,77,25,180,264,64,34,71,69,41,41,60,66,59,56,52,13,61,28,35,37,71,20,34,47,31,37,20,13,21,31,57,24,29,91,17,87,105,139,42,51,43,68,46,41,58,42,60,115,28,48,30,56,96,49,61,69,81,110,30,110,126,75,36,60,38,50,93,49,83,44,75,,62,24,16,40,34,,22,20,26,59,36,55,71,23,24,,28,18,45,36,98,68,85,50,35,54,67,68,128,69,110,66,181,200,228,254,42,29,105,43,62,66,40,126,138,75,56,95,91,35,157,50,91,22,51,39,82,36,47,59,37,74,53,55,53,116,52,53,35,66,67,117,93,43,35,3,6,,20,26,10,17,33,7,11,7,59,82,65,224,77,60,54,32,30,29,49,38,20,28,32,41,,,,,,,,,,,,,,,,,,,,,,,,,,,,,,,,,,,,,,,,,,,,,,,,,,,,,,,,,,,,,,,,,,,,,,,,,,,,,,,,,,,,,,,,,,,,,,,,,,,,,,,,,,,,,,,,,,,,,,,,,,,,,,,,,,,,,,,,,,,,,,,,,,,,,,,,,,,,,,,,,,,,,,,,,,,,,,,,,,
20140724,21,PM10_24h,119,89,81,142,70,124,103,57,69,86,99,120,60,60,90,89,45,83,151,53,71,61,61,77,102,79,62,68,99,69,62,63,86,40,38,45,31,48,45,38,33,25,21,15,63,29,22,33,220,58,98,94,131,93,50,46,60,47,45,72,64,86,85,30,62,36,101,79,18,60,99,81,81,183,117,124,79,27,65,59,58,89,28,120,84,134,151,136,152,41,71,131,142,39,26,109,90,30,37,50,45,31,90,45,45,39,45,36,62,88,60,70,53,54,71,187,111,95,63,79,161,150,181,54,50,60,41,133,118,84,82,67,87,85,104,90,62,110,35,98,16,37,44,85,61,48,53,37,83,102,43,26,64,39,42,36,60,68,70,120,86,117,25,30,47,47,45,44,46,57,11,20,22,50,61,58,128,51,51,78,38,38,33,43,51,36,33,32,80,,,,,,,,,,,,,,,,,,,,,,,,,,,,,,,,,,,,,,,,,,,,,,,,,,,,,,,,,,,,,,,,,,,,,,,,,,,,,,,,,,,,,,,,,,,,,,,,,,,,,,,,,,,,,,,,,,,,,,,,,,,,,,,,,,,,,,,,,,,,,,,,,,,,,,,,,,,,,,,,,,,,,,,,,,,,,,,,,,
20140724,21,SO2,7,16,23,19,25,21,30,19,19,14,8,12,33,17,24,10,3,7,11,6,4,9,12,2,19,5,12,26,29,17,16,10,6,6,7,7,9,15,7,3,3,11,5,9,14,9,11,21,64,10,25,10,18,3,6,8,13,12,8,15,7,14,11,7,13,7,8,43,9,7,6,14,6,4,18,39,38,10,8,15,17,17,7,5,23,26,6,38,8,5,9,28,12,9,8,14,24,13,11,23,6,6,6,4,22,15,15,10,29,26,21,26,38,25,22,29,10,17,22,8,4,10,13,27,4,14,35,37,42,24,32,49,17,11,37,140,6,20,18,13,2,12,10,63,16,14,18,24,13,34,39,18,10,8,19,75,19,25,4,31,14,16,3,2,3,2,2,5,26,6,10,12,14,7,19,13,16,22,14,37,16,15,29,8,9,16,24,5,5,,,,,,,,,,,,,,,,,,,,,,,,,,,,,,,,,,,,,,,,,,,,,,,,,,,,,,,,,,,,,,,,,,,,,,,,,,,,,,,,,,,,,,,,,,,,,,,,,,,,,,,,,,,,,,,,,,,,,,,,,,,,,,,,,,,,,,,,,,,,,,,,,,,,,,,,,,,,,,,,,,,,,,,,,,,,,,,,,,
20140724,21,SO2_24h,7,24,23,36,40,25,35,22,19,13,16,13,28,23,18,14,6,8,9,6,11,9,12,5,32,54,14,31,37,24,20,10,10,9,9,4,13,8,7,2,3,11,7,6,13,6,5,8,80,10,37,18,16,20,11,9,22,13,9,25,15,22,18,10,16,8,18,43,9,13,19,21,8,16,16,20,58,9,10,18,19,51,5,25,33,26,21,69,26,10,15,79,42,9,11,39,23,12,9,21,12,7,15,8,12,14,14,11,26,43,32,27,59,37,24,27,28,19,24,8,5,9,12,39,6,10,49,33,56,72,38,21,26,12,33,18,14,61,87,64,3,14,13,41,7,15,23,22,15,45,17,15,8,10,13,28,16,28,4,24,23,53,3,3,8,4,3,9,15,9,12,13,14,6,24,13,30,25,12,45,15,15,25,8,9,22,18,4,9,,,,,,,,,,,,,,,,,,,,,,,,,,,,,,,,,,,,,,,,,,,,,,,,,,,,,,,,,,,,,,,,,,,,,,,,,,,,,,,,,,,,,,,,,,,,,,,,,,,,,,,,,,,,,,,,,,,,,,,,,,,,,,,,,,,,,,,,,,,,,,,,,,,,,,,,,,,,,,,,,,,,,,,,,,,,,,,,,,
20140724,21,NO2,49,53,54,38,44,50,52,23,45,47,21,20,43,41,76,68,52,74,76,11,14,21,23,10,34,34,18,33,39,11,9,11,21,31,9,31,5,19,13,5,4,15,7,33,14,42,38,30,69,23,40,36,31,63,34,22,31,18,14,27,21,37,49,17,30,57,44,84,23,47,70,30,60,37,37,27,62,28,35,22,41,70,27,27,32,40,12,50,17,18,10,47,14,8,10,7,42,14,12,17,17,4,18,5,30,13,23,32,41,22,31,24,42,35,28,55,43,43,60,66,39,38,33,11,7,15,52,59,23,17,23,24,36,28,36,25,14,31,9,34,14,59,38,37,29,36,29,27,35,38,50,48,78,32,47,26,30,46,15,14,16,22,5,16,10,10,12,14,17,19,4,5,4,20,14,22,11,14,35,20,9,15,23,6,27,26,27,17,19,,,,,,,,,,,,,,,,,,,,,,,,,,,,,,,,,,,,,,,,,,,,,,,,,,,,,,,,,,,,,,,,,,,,,,,,,,,,,,,,,,,,,,,,,,,,,,,,,,,,,,,,,,,,,,,,,,,,,,,,,,,,,,,,,,,,,,,,,,,,,,,,,,,,,,,,,,,,,,,,,,,,,,,,,,,,,,,,,,
20140724,21,NO2_24h,75,54,52,48,53,39,43,20,41,31,43,32,28,40,38,39,35,36,35,12,22,20,20,18,27,39,19,29,31,14,15,15,34,29,10,13,20,21,17,5,5,16,12,18,13,21,15,21,70,24,44,22,21,36,28,17,23,11,11,30,28,27,39,18,26,37,40,39,13,27,68,30,27,58,34,22,41,12,37,20,27,65,12,31,48,39,29,72,25,30,23,49,36,9,26,29,30,12,10,14,16,4,25,12,21,11,16,16,15,22,31,36,31,25,26,46,33,35,48,28,18,22,21,13,8,14,37,55,28,36,22,23,24,19,15,12,11,42,5,32,12,32,19,28,27,23,30,22,32,28,24,21,44,22,34,20,23,26,17,32,23,54,8,14,23,22,17,32,20,22,7,10,4,15,21,25,28,17,29,28,8,19,16,6,28,26,26,9,30,,,,,,,,,,,,,,,,,,,,,,,,,,,,,,,,,,,,,,,,,,,,,,,,,,,,,,,,,,,,,,,,,,,,,,,,,,,,,,,,,,,,,,,,,,,,,,,,,,,,,,,,,,,,,,,,,,,,,,,,,,,,,,,,,,,,,,,,,,,,,,,,,,,,,,,,,,,,,,,,,,,,,,,,,,,,,,,,,,
20140724,21,O3,91,59,62,16,27,35,91,72,36,34,56,106,72,70,33,33,44,28,46,59,51,49,46,44,13,33,53,49,19,34,56,46,28,36,65,45,80,34,64,65,47,46,59,42,43,28,37,23,23,32,89,145,84,44,41,51,61,78,65,106,53,54,47,35,93,64,53,34,43,86,32,72,93,59,88,107,84,94,72,55,35,41,15,22,61,60,44,55,38,75,87,37,67,36,100,102,29,27,28,49,64,50,136,68,24,31,23,39,24,90,70,86,59,51,77,46,39,49,24,32,41,28,78,33,36,76,38,61,68,74,129,142,39,72,32,45,50,77,58,74,49,105,62,60,72,32,136,49,53,74,56,81,29,83,69,92,143,64,79,105,72,54,76,23,73,92,,103,62,45,104,99,60,43,44,31,48,55,68,67,55,42,30,50,35,28,53,31,76,,,,,,,,,,,,,,,,,,,,,,,,,,,,,,,,,,,,,,,,,,,,,,,,,,,,,,,,,,,,,,,,,,,,,,,,,,,,,,,,,,,,,,,,,,,,,,,,,,,,,,,,,,,,,,,,,,,,,,,,,,,,,,,,,,,,,,,,,,,,,,,,,,,,,,,,,,,,,,,,,,,,,,,,,,,,,,,,,,
20140724,21,O3_24h,137,104,108,66,49,104,116,125,123,83,90,107,113,138,135,107,89,112,101,88,139,96,130,89,105,148,110,125,122,93,103,78,70,69,87,71,68,78,94,73,55,57,41,78,71,71,72,80,85,80,136,314,135,246,83,98,188,130,108,287,180,176,122,56,172,139,123,139,78,151,126,86,123,118,123,170,170,144,103,129,100,92,50,150,139,126,77,114,171,93,134,201,121,73,102,128,191,68,65,97,104,123,242,118,78,102,83,137,82,207,115,115,107,88,79,112,143,128,77,142,99,123,111,53,74,104,88,98,130,113,197,175,122,90,69,57,118,114,86,345,53,175,135,139,138,61,197,73,93,158,87,134,136,123,125,117,175,98,124,121,83,59,77,96,77,92,64,108,92,96,114,101,65,91,82,80,117,106,136,123,114,122,83,113,66,58,64,53,136,,,,,,,,,,,,,,,,,,,,,,,,,,,,,,,,,,,,,,,,,,,,,,,,,,,,,,,,,,,,,,,,,,,,,,,,,,,,,,,,,,,,,,,,,,,,,,,,,,,,,,,,,,,,,,,,,,,,,,,,,,,,,,,,,,,,,,,,,,,,,,,,,,,,,,,,,,,,,,,,,,,,,,,,,,,,,,,,,,
20140724,21,O3_8h,111,66,75,36,36,67,93,98,92,70,71,89,97,116,97,80,60,74,76,64,96,66,67,42,58,92,74,78,69,64,59,63,39,43,58,56,68,48,71,67,43,48,55,55,44,48,56,33,54,40,109,138,116,169,54,67,141,107,89,188,130,119,94,39,140,111,99,100,62,128,87,80,104,79,105,153,136,127,83,100,75,70,22,59,90,91,41,59,106,66,80,122,66,34,90,97,87,36,56,79,63,59,198,94,50,60,54,94,62,141,100,91,86,74,95,89,99,94,56,95,74,85,95,36,53,52,63,83,90,81,165,148,83,83,47,53,91,109,63,167,47,131,115,110,121,39,166,58,81,129,76,120,103,112,106,109,155,88,84,107,68,49,63,44,56,84,,94,59,52,105,93,61,65,57,41,49,72,95,81,84,68,57,61,43,35,43,39,84,,,,,,,,,,,,,,,,,,,,,,,,,,,,,,,,,,,,,,,,,,,,,,,,,,,,,,,,,,,,,,,,,,,,,,,,,,,,,,,,,,,,,,,,,,,,,,,,,,,,,,,,,,,,,,,,,,,,,,,,,,,,,,,,,,,,,,,,,,,,,,,,,,,,,,,,,,,,,,,,,,,,,,,,,,,,,,,,,,
20140724,21,O3_8h_24h,111,109,82,69,40,98,95,104,97,89,80,89,105,124,114,141,82,95,84,70,111,82,103,91,156,170,91,106,104,107,184,99,96,70,59,61,62,70,80,67,52,48,51,65,61,62,69,92,75,69,130,154,124,199,100,105,158,136,108,224,201,147,106,43,204,114,118,107,77,136,87,80,110,138,115,161,150,136,93,119,91,101,41,143,110,101,52,94,137,85,116,158,85,82,96,139,144,71,61,88,76,138,213,99,65,73,71,117,78,164,106,91,93,76,80,101,150,101,100,119,87,114,97,58,78,131,70,113,103,86,167,148,96,85,58,55,107,115,79,192,49,131,142,114,142,48,166,66,87,137,77,124,132,117,110,109,164,94,106,121,93,56,79,81,79,110,64,112,101,106,105,96,64,78,67,56,66,82,110,100,115,107,93,77,75,43,44,40,96,,,,,,,,,,,,,,,,,,,,,,,,,,,,,,,,,,,,,,,,,,,,,,,,,,,,,,,,,,,,,,,,,,,,,,,,,,,,,,,,,,,,,,,,,,,,,,,,,,,,,,,,,,,,,,,,,,,,,,,,,,,,,,,,,,,,,,,,,,,,,,,,,,,,,,,,,,,,,,,,,,,,,,,,,,,,,,,,,,
20140724,21,CO,0.85,1.42,0.58,0.41,0.74,0.40,1.48,0.66,0.72,2.42,0.56,0.84,0.47,0.61,0.98,0.69,0.61,1.25,1.57,0.38,0.53,0.61,0.45,0.52,1.35,0.46,0.56,1.00,1.24,0.60,0.35,0.22,0.44,0.54,0.45,0.62,0.18,0.50,0.25,0.53,0.56,0.64,0.53,0.71,0.41,1.12,0.44,0.86,2.07,0.33,1.10,0.76,0.87,0.81,1.08,0.84,0.85,1.02,0.88,0.64,0.61,1.26,1.07,0.44,0.68,0.76,1.14,1.24,0.54,0.87,0.84,0.61,1.09,0.53,0.93,0.94,1.17,0.49,1.35,1.85,0.81,0.92,0.83,0.90,1.06,0.96,0.81,1.23,0.61,0.28,0.22,1.17,0.98,0.28,0.29,0.50,1.61,0.73,0.88,0.85,0.81,0.88,0.82,0.77,1.92,1.80,1.32,1.53,2.37,0.98,0.74,0.67,1.26,0.76,0.94,1.61,0.83,2.83,0.65,1.09,1.09,1.10,1.52,0.34,0.75,1.00,2.18,0.97,0.58,0.86,0.65,1.35,0.94,1.02,1.14,,1.43,0.59,0.78,0.96,0.46,0.79,0.73,1.31,0.53,0.57,0.66,0.43,0.46,1.47,0.83,0.57,0.90,0.92,0.58,1.00,0.66,0.50,1.64,0.45,0.59,0.89,0.27,0.51,0.15,0.12,1.71,1.68,,0.32,0.15,0.74,0.67,0.50,1.18,0.27,0.40,0.73,0.41,0.69,0.58,0.63,0.33,0.11,0.56,0.68,0.73,1.15,0.48,,,,,,,,,,,,,,,,,,,,,,,,,,,,,,,,,,,,,,,,,,,,,,,,,,,,,,,,,,,,,,,,,,,,,,,,,,,,,,,,,,,,,,,,,,,,,,,,,,,,,,,,,,,,,,,,,,,,,,,,,,,,,,,,,,,,,,,,,,,,,,,,,,,,,,,,,,,,,,,,,,,,,,,,,,,,,,,,,,
20140724,21,CO_24h,0.97,1.72,0.68,0.69,1.34,1.57,0.86,0.84,0.59,0.93,0.76,0.66,0.56,0.64,0.78,1.39,0.72,0.74,0.95,0.45,0.65,0.55,0.49,0.68,1.26,0.78,0.55,0.66,1.49,0.79,0.61,0.30,0.63,0.53,0.49,0.63,0.35,0.59,0.41,0.53,0.55,0.56,0.35,0.52,0.90,0.99,0.40,0.93,2.16,0.43,1.33,0.95,0.91,0.87,1.14,0.95,0.91,0.98,0.91,0.87,0.75,1.27,0.95,0.43,0.70,0.81,0.84,0.85,0.67,0.82,2.17,1.05,0.81,0.70,0.94,0.97,1.79,0.49,2.03,1.73,1.30,1.17,0.65,1.32,1.30,1.34,1.37,2.15,1.15,0.68,0.53,1.65,2.38,0.38,0.33,1.10,1.23,0.66,1.00,0.64,1.03,0.85,1.12,0.85,1.66,1.40,1.18,1.25,2.23,1.14,0.96,1.03,1.61,0.67,0.72,2.89,2.16,3.21,1.10,0.69,0.95,0.60,1.07,0.44,0.75,0.67,1.32,1.63,0.95,1.37,0.62,0.73,0.84,1.10,1.15,,1.23,0.80,0.86,1.19,0.44,0.59,0.64,1.40,0.48,0.39,0.70,0.26,0.48,1.96,0.54,0.39,0.88,0.88,0.41,1.11,0.36,0.60,1.58,0.60,0.95,2.74,0.30,0.63,0.30,0.59,1.06,2.18,0.62,0.59,0.18,0.82,0.79,0.44,1.27,0.30,0.71,0.85,0.40,0.75,0.54,0.69,0.32,0.14,0.51,0.62,0.63,0.96,0.95,,,,,,,,,,,,,,,,,,,,,,,,,,,,,,,,,,,,,,,,,,,,,,,,,,,,,,,,,,,,,,,,,,,,,,,,,,,,,,,,,,,,,,,,,,,,,,,,,,,,,,,,,,,,,,,,,,,,,,,,,,,,,,,,,,,,,,,,,,,,,,,,,,,,,,,,,,,,,,,,,,,,,,,,,,,,,,,,,,
20140724,22,AQI,76,58,56,126,52,54,113,48,69,101,59,84,49,51,90,67,34,171,269,53,27,57,64,41,41,53,56,53,54,48,13,60,25,35,38,69,25,34,39,29,36,23,16,29,33,73,26,36,73,18,61,78,121,55,45,38,46,49,40,58,44,60,88,39,51,41,59,86,35,62,82,64,76,25,125,105,68,43,51,32,54,80,71,39,47,68,13,61,23,28,27,68,76,24,31,32,54,29,40,64,31,27,59,24,43,36,32,58,59,74,50,35,60,56,65,111,65,84,70,191,193,215,285,33,31,72,50,54,48,42,83,115,66,52,73,94,40,62,43,70,20,55,48,76,52,49,53,52,64,46,70,61,85,53,63,54,63,70,67,172,35,37,23,12,22,26,17,34,18,28,34,33,18,50,61,53,98,58,38,76,29,30,29,47,37,19,28,36,49,,,,,,,,,,,,,,,,,,,,,,,,,,,,,,,,,,,,,,,,,,,,,,,,,,,,,,,,,,,,,,,,,,,,,,,,,,,,,,,,,,,,,,,,,,,,,,,,,,,,,,,,,,,,,,,,,,,,,,,,,,,,,,,,,,,,,,,,,,,,,,,,,,,,,,,,,,,,,,,,,,,,,,,,,,,,,,,,,,
20140724,22,PM2.5,52,41,25,96,31,32,85,19,28,76,42,62,20,16,27,43,19,130,219,21,17,20,26,9,13,18,20,20,38,20,7,14,14,19,13,50,14,18,22,14,15,16,10,13,16,53,17,10,53,7,32,50,92,39,22,18,32,24,26,41,31,40,56,14,26,17,38,52,13,25,45,37,35,17,95,79,31,12,30,21,28,36,33,27,31,49,6,44,12,10,16,49,56,14,4,12,32,10,28,46,22,9,42,13,30,14,19,41,33,54,32,15,23,20,32,84,47,62,51,144,145,165,235,23,22,52,20,27,22,19,43,87,42,34,45,70,17,31,13,51,9,39,23,45,28,23,15,33,41,30,8,34,39,20,24,13,22,16,32,43,15,22,5,8,5,18,5,4,9,14,5,9,6,16,18,14,23,22,4,22,14,13,9,16,17,13,14,16,34,,,,,,,,,,,,,,,,,,,,,,,,,,,,,,,,,,,,,,,,,,,,,,,,,,,,,,,,,,,,,,,,,,,,,,,,,,,,,,,,,,,,,,,,,,,,,,,,,,,,,,,,,,,,,,,,,,,,,,,,,,,,,,,,,,,,,,,,,,,,,,,,,,,,,,,,,,,,,,,,,,,,,,,,,,,,,,,,,,
20140724,22,PM2.5_24h,63,52,30,70,28,57,58,24,19,48,49,63,23,21,28,44,20,54,124,20,32,20,24,28,58,34,21,25,34,27,32,20,52,22,16,25,16,20,19,19,12,17,11,8,44,33,13,12,125,23,44,53,88,59,27,24,39,32,32,49,43,53,40,11,30,18,42,35,9,16,68,47,49,39,88,84,32,11,41,34,31,43,17,45,57,76,73,78,82,26,37,91,70,22,11,47,56,13,17,30,28,16,70,29,22,30,21,30,34,54,37,32,29,19,20,108,71,59,36,53,141,106,165,30,26,30,20,82,48,59,37,36,49,46,55,59,34,74,7,60,8,22,22,37,33,23,17,23,46,67,8,11,17,16,15,14,15,34,32,38,48,71,17,19,31,36,28,21,34,27,5,8,14,14,18,14,24,22,17,27,14,14,12,18,23,19,17,14,46,,,,,,,,,,,,,,,,,,,,,,,,,,,,,,,,,,,,,,,,,,,,,,,,,,,,,,,,,,,,,,,,,,,,,,,,,,,,,,,,,,,,,,,,,,,,,,,,,,,,,,,,,,,,,,,,,,,,,,,,,,,,,,,,,,,,,,,,,,,,,,,,,,,,,,,,,,,,,,,,,,,,,,,,,,,,,,,,,,
20140724,22,PM10,102,58,61,151,53,57,139,48,87,134,59,99,49,51,129,83,34,207,279,56,27,63,78,41,41,55,61,55,46,48,12,70,25,35,38,69,20,34,39,29,36,21,15,29,33,56,26,36,83,16,72,105,153,51,45,38,43,49,40,56,32,70,125,39,51,41,67,122,35,74,113,77,101,25,127,116,86,43,51,32,58,109,92,32,47,76,7,63,23,28,27,,63,24,16,31,58,29,38,71,17,27,,24,26,36,32,60,68,84,50,35,69,61,79,167,79,90,86,177,176,208,259,29,31,93,50,57,48,42,115,139,81,54,96,93,40,74,43,85,20,59,48,101,54,49,55,53,77,46,90,72,120,56,75,57,75,90,83,294,35,37,5,12,,,15,15,11,28,4,6,,50,71,56,145,65,38,101,29,30,29,47,37,11,28,36,,,,,,,,,,,,,,,,,,,,,,,,,,,,,,,,,,,,,,,,,,,,,,,,,,,,,,,,,,,,,,,,,,,,,,,,,,,,,,,,,,,,,,,,,,,,,,,,,,,,,,,,,,,,,,,,,,,,,,,,,,,,,,,,,,,,,,,,,,,,,,,,,,,,,,,,,,,,,,,,,,,,,,,,,,,,,,,,,,,
20140724,22,PM10_24h,117,90,78,146,69,123,103,56,68,88,98,120,61,59,93,89,44,89,159,52,69,61,62,74,99,78,61,67,96,68,60,64,84,39,38,47,29,48,45,38,33,25,20,16,59,31,22,32,217,56,97,93,130,90,48,44,60,46,44,70,62,84,84,31,60,36,100,80,18,59,100,83,81,178,115,123,79,28,66,57,55,88,31,116,84,134,149,133,151,40,69,132,144,37,26,106,88,29,38,50,44,30,86,45,43,39,45,36,62,90,59,69,54,54,72,188,109,96,63,83,165,151,189,52,48,61,41,131,118,80,83,70,86,83,105,89,62,111,37,99,16,38,41,85,59,46,54,37,80,102,45,27,66,40,44,38,61,70,72,129,82,114,25,29,46,46,43,45,44,56,10,19,21,50,62,58,130,52,49,78,37,37,32,44,50,35,33,33,79,,,,,,,,,,,,,,,,,,,,,,,,,,,,,,,,,,,,,,,,,,,,,,,,,,,,,,,,,,,,,,,,,,,,,,,,,,,,,,,,,,,,,,,,,,,,,,,,,,,,,,,,,,,,,,,,,,,,,,,,,,,,,,,,,,,,,,,,,,,,,,,,,,,,,,,,,,,,,,,,,,,,,,,,,,,,,,,,,,
20140724,22,SO2,10,17,27,18,22,31,56,16,17,12,9,17,33,24,15,10,3,7,10,6,4,10,12,3,20,3,12,25,31,17,16,11,5,5,5,6,10,13,6,3,3,11,8,8,13,10,15,53,57,10,22,9,20,5,6,8,15,9,9,11,7,18,10,4,13,6,9,48,8,7,10,14,7,4,19,27,31,15,7,15,17,16,9,4,25,40,5,41,12,6,9,39,28,8,11,16,22,14,10,26,6,6,7,3,12,15,16,10,26,31,22,17,56,22,31,29,15,16,21,6,4,9,12,26,4,14,31,34,42,19,31,26,14,13,42,122,9,7,3,17,2,11,19,57,14,15,19,25,9,49,25,16,10,8,13,8,19,34,5,24,15,14,3,1,3,2,2,5,13,6,10,12,15,8,18,13,16,22,14,35,16,15,44,9,10,8,19,5,5,,,,,,,,,,,,,,,,,,,,,,,,,,,,,,,,,,,,,,,,,,,,,,,,,,,,,,,,,,,,,,,,,,,,,,,,,,,,,,,,,,,,,,,,,,,,,,,,,,,,,,,,,,,,,,,,,,,,,,,,,,,,,,,,,,,,,,,,,,,,,,,,,,,,,,,,,,,,,,,,,,,,,,,,,,,,,,,,,,
20140724,22,SO2_24h,7,24,23,36,39,26,36,22,19,12,16,14,28,22,18,14,5,7,9,6,11,9,12,4,31,51,13,31,36,23,20,10,8,9,9,4,13,8,7,2,3,11,7,6,13,6,6,10,80,10,38,18,16,20,10,8,22,13,9,24,15,22,17,10,16,8,18,44,9,13,19,21,8,15,16,20,58,10,10,18,19,51,5,24,33,26,20,66,25,10,14,78,42,9,11,38,23,12,9,21,12,7,14,7,12,14,14,11,26,43,31,27,60,36,25,27,26,19,24,7,5,9,12,37,6,10,49,34,56,72,38,21,25,12,34,23,14,63,87,64,3,14,12,43,8,14,23,22,15,46,17,15,8,10,13,28,16,29,4,24,23,49,2,3,8,4,3,9,15,9,12,13,14,6,24,13,29,25,12,44,15,15,26,8,9,22,18,4,8,,,,,,,,,,,,,,,,,,,,,,,,,,,,,,,,,,,,,,,,,,,,,,,,,,,,,,,,,,,,,,,,,,,,,,,,,,,,,,,,,,,,,,,,,,,,,,,,,,,,,,,,,,,,,,,,,,,,,,,,,,,,,,,,,,,,,,,,,,,,,,,,,,,,,,,,,,,,,,,,,,,,,,,,,,,,,,,,,,
20140724,22,NO2,60,54,59,33,35,63,54,24,43,53,25,29,45,40,63,69,61,79,80,9,16,21,22,9,28,27,18,26,30,11,10,12,19,29,7,26,5,16,11,4,4,22,10,32,10,37,38,31,61,35,40,35,42,59,18,16,39,9,21,25,17,35,50,24,39,79,52,93,19,65,89,35,87,33,51,32,57,35,38,21,44,86,33,26,28,45,11,46,12,26,14,35,21,8,19,7,41,13,14,14,9,5,17,4,27,11,17,23,38,21,37,21,47,34,25,61,46,41,65,64,41,39,36,11,5,13,42,40,22,21,24,23,34,40,30,27,13,35,12,44,16,60,37,44,37,41,33,36,40,35,56,58,81,44,39,69,38,48,20,14,7,20,6,18,9,16,13,13,10,8,2,3,4,26,13,21,9,6,36,19,9,8,28,8,23,18,18,20,24,,,,,,,,,,,,,,,,,,,,,,,,,,,,,,,,,,,,,,,,,,,,,,,,,,,,,,,,,,,,,,,,,,,,,,,,,,,,,,,,,,,,,,,,,,,,,,,,,,,,,,,,,,,,,,,,,,,,,,,,,,,,,,,,,,,,,,,,,,,,,,,,,,,,,,,,,,,,,,,,,,,,,,,,,,,,,,,,,,
20140724,22,NO2_24h,74,55,53,47,52,40,44,20,41,32,43,32,30,39,39,40,35,39,37,12,21,20,20,17,27,38,19,29,31,14,14,14,32,29,10,13,20,20,16,6,4,16,12,19,13,22,17,21,70,23,44,23,22,36,27,17,23,11,12,29,27,26,38,18,26,39,41,40,13,28,68,30,28,58,35,22,41,13,37,20,27,64,13,30,47,39,28,70,25,30,22,49,35,9,25,28,30,12,10,13,16,4,23,12,21,11,16,16,15,22,31,35,31,26,25,46,34,35,48,29,18,22,21,13,8,13,37,54,28,35,21,23,24,20,15,13,11,41,5,33,12,33,19,28,26,22,30,23,31,28,24,22,44,23,34,22,23,27,17,31,21,53,8,13,23,21,17,31,20,22,7,9,4,15,20,25,27,17,29,27,8,18,17,6,28,26,26,10,29,,,,,,,,,,,,,,,,,,,,,,,,,,,,,,,,,,,,,,,,,,,,,,,,,,,,,,,,,,,,,,,,,,,,,,,,,,,,,,,,,,,,,,,,,,,,,,,,,,,,,,,,,,,,,,,,,,,,,,,,,,,,,,,,,,,,,,,,,,,,,,,,,,,,,,,,,,,,,,,,,,,,,,,,,,,,,,,,,,
20140724,22,O3,65,51,56,17,34,18,75,58,24,24,43,83,61,67,37,26,35,14,34,66,41,48,38,42,10,24,49,54,26,30,43,42,30,39,63,47,80,35,68,61,50,30,51,44,38,25,34,22,23,32,83,146,61,39,55,63,45,90,58,95,90,47,38,35,71,39,39,16,54,56,18,58,46,63,67,89,71,79,57,55,28,29,12,26,58,47,41,54,39,66,70,47,50,41,99,102,27,26,27,45,80,44,130,58,25,31,34,42,23,90,56,85,52,38,68,28,21,42,11,23,34,23,64,34,35,78,44,77,67,72,110,111,29,69,35,41,43,69,57,60,49,86,50,39,48,33,112,39,38,69,40,62,13,60,73,37,112,52,72,103,70,52,72,30,69,74,,109,59,67,108,106,59,44,50,29,44,63,56,63,52,45,25,43,58,43,64,23,60,,,,,,,,,,,,,,,,,,,,,,,,,,,,,,,,,,,,,,,,,,,,,,,,,,,,,,,,,,,,,,,,,,,,,,,,,,,,,,,,,,,,,,,,,,,,,,,,,,,,,,,,,,,,,,,,,,,,,,,,,,,,,,,,,,,,,,,,,,,,,,,,,,,,,,,,,,,,,,,,,,,,,,,,,,,,,,,,,,
20140724,22,O3_24h,137,103,108,55,49,104,116,125,123,83,90,107,113,138,135,107,88,112,101,88,139,96,130,89,104,148,110,125,122,93,97,78,70,70,88,71,68,78,94,73,55,57,41,78,64,71,72,79,85,80,136,314,135,246,81,94,188,130,108,287,180,176,122,56,171,139,123,139,78,151,124,86,123,114,123,170,170,144,103,129,100,92,50,145,139,126,77,114,171,93,134,201,121,73,104,119,191,68,65,97,104,123,242,118,78,102,83,137,82,207,115,115,107,88,78,112,143,128,77,142,99,123,111,53,74,87,88,98,130,113,197,175,122,90,69,57,118,114,86,345,53,175,135,139,138,60,197,73,93,158,87,134,136,123,125,117,175,98,124,121,83,59,77,96,77,93,64,110,92,94,114,106,65,91,82,80,117,106,136,123,114,122,83,113,66,58,67,53,136,,,,,,,,,,,,,,,,,,,,,,,,,,,,,,,,,,,,,,,,,,,,,,,,,,,,,,,,,,,,,,,,,,,,,,,,,,,,,,,,,,,,,,,,,,,,,,,,,,,,,,,,,,,,,,,,,,,,,,,,,,,,,,,,,,,,,,,,,,,,,,,,,,,,,,,,,,,,,,,,,,,,,,,,,,,,,,,,,,
20140724,22,O3_8h,109,64,77,33,36,58,95,91,83,64,65,90,92,108,87,71,54,63,68,63,85,61,56,37,50,80,67,71,58,59,52,60,34,42,60,54,69,43,68,66,45,46,55,52,42,45,53,30,51,38,102,138,108,142,54,64,127,102,83,165,120,105,85,37,131,103,93,89,61,118,76,78,98,75,100,145,124,119,81,93,68,64,20,48,82,84,40,58,93,66,78,105,61,34,91,98,69,34,51,72,61,56,187,89,44,51,48,83,54,127,94,94,79,71,91,81,85,85,49,80,66,73,91,35,49,57,59,80,82,80,159,152,73,81,45,51,81,103,62,150,48,132,105,100,112,38,166,56,75,120,72,113,88,104,100,102,148,83,82,107,67,49,65,41,57,87,,98,58,53,105,95,63,60,54,38,41,68,86,73,76,60,50,56,40,35,46,38,77,,,,,,,,,,,,,,,,,,,,,,,,,,,,,,,,,,,,,,,,,,,,,,,,,,,,,,,,,,,,,,,,,,,,,,,,,,,,,,,,,,,,,,,,,,,,,,,,,,,,,,,,,,,,,,,,,,,,,,,,,,,,,,,,,,,,,,,,,,,,,,,,,,,,,,,,,,,,,,,,,,,,,,,,,,,,,,,,,,
20140724,22,O3_8h_24h,111,105,80,68,39,95,97,104,96,86,80,90,105,124,114,129,82,92,84,70,108,82,90,78,142,144,91,96,92,97,165,86,85,59,61,61,62,62,80,67,50,48,45,65,60,62,69,89,71,68,127,155,124,196,89,102,158,123,100,220,182,147,106,43,182,114,107,107,74,136,85,80,110,128,113,161,150,136,87,119,83,88,41,128,110,101,48,87,132,80,116,154,83,79,95,133,144,68,61,88,76,125,213,99,65,73,70,117,78,164,106,94,93,76,79,96,139,101,87,118,87,114,97,55,73,122,70,106,103,84,167,152,96,85,57,54,107,106,79,191,49,133,122,114,125,47,168,65,85,137,77,124,132,117,110,109,159,92,104,116,83,55,77,80,74,101,64,104,96,104,106,96,63,78,67,53,66,82,110,96,108,99,84,77,70,43,47,40,96,,,,,,,,,,,,,,,,,,,,,,,,,,,,,,,,,,,,,,,,,,,,,,,,,,,,,,,,,,,,,,,,,,,,,,,,,,,,,,,,,,,,,,,,,,,,,,,,,,,,,,,,,,,,,,,,,,,,,,,,,,,,,,,,,,,,,,,,,,,,,,,,,,,,,,,,,,,,,,,,,,,,,,,,,,,,,,,,,,
20140724,22,CO,1.24,1.15,0.62,0.35,0.72,0.69,2.05,0.66,0.70,2.50,0.67,0.80,0.36,0.56,0.78,0.79,0.69,1.39,1.53,0.37,0.54,0.62,0.43,0.48,1.22,0.55,0.58,0.63,1.09,0.59,0.37,0.22,0.42,0.52,0.44,0.56,0.18,0.50,0.24,0.51,0.56,0.73,0.55,0.68,0.40,1.19,0.45,0.91,1.62,0.35,1.15,0.77,0.91,0.75,1.06,0.83,0.85,0.79,0.92,0.60,0.62,1.26,1.05,0.56,0.71,0.89,1.18,1.50,0.54,1.00,1.34,0.91,1.35,0.49,1.04,0.95,1.10,0.59,1.16,1.71,0.80,1.00,0.95,1.20,1.10,1.05,0.82,1.26,0.55,0.29,0.30,1.06,1.07,0.25,0.32,0.47,1.28,0.65,1.05,0.73,0.72,0.89,0.82,0.73,1.84,1.89,1.26,1.41,1.91,0.97,0.78,0.65,1.65,0.89,0.82,1.67,0.96,2.75,0.67,1.10,1.09,1.02,1.58,0.46,0.72,1.02,1.67,0.91,0.54,0.86,0.58,1.22,0.91,0.99,1.08,,1.67,0.62,0.75,0.96,0.48,0.78,0.83,1.55,0.61,0.58,0.69,0.47,0.49,1.52,0.97,0.60,0.85,0.94,0.56,1.45,0.52,0.55,1.77,0.45,0.50,0.81,0.27,0.52,0.16,,1.70,1.68,,0.20,0.14,0.70,0.66,0.49,1.17,0.27,0.37,0.74,0.36,0.69,0.60,0.68,0.29,0.11,0.51,0.65,0.67,1.17,0.42,,,,,,,,,,,,,,,,,,,,,,,,,,,,,,,,,,,,,,,,,,,,,,,,,,,,,,,,,,,,,,,,,,,,,,,,,,,,,,,,,,,,,,,,,,,,,,,,,,,,,,,,,,,,,,,,,,,,,,,,,,,,,,,,,,,,,,,,,,,,,,,,,,,,,,,,,,,,,,,,,,,,,,,,,,,,,,,,,,
20140724,22,CO_24h,0.98,1.74,0.68,0.68,1.29,1.57,0.92,0.84,0.59,1.01,0.77,0.68,0.55,0.63,0.78,1.34,0.69,0.77,1.00,0.45,0.65,0.55,0.48,0.66,1.25,0.77,0.55,0.65,1.48,0.78,0.59,0.30,0.62,0.53,0.49,0.62,0.35,0.59,0.40,0.53,0.55,0.57,0.34,0.52,0.87,1.00,0.41,0.92,2.15,0.42,1.32,0.94,0.91,0.86,1.13,0.94,0.91,0.97,0.91,0.86,0.74,1.26,0.94,0.44,0.69,0.82,0.87,0.86,0.67,0.82,2.18,1.04,0.81,0.69,0.94,0.96,1.80,0.49,1.99,1.72,1.22,1.14,0.67,1.29,1.29,1.33,1.34,2.10,1.13,0.65,0.50,1.63,2.33,0.37,0.32,1.07,1.24,0.66,1.00,0.64,1.03,0.84,1.08,0.85,1.64,1.42,1.19,1.25,2.22,1.13,0.96,1.03,1.63,0.68,0.72,2.81,2.09,3.21,1.06,0.68,0.95,0.62,1.11,0.43,0.75,0.69,1.34,1.54,0.94,1.33,0.62,0.75,0.84,1.09,1.15,,1.25,0.80,0.85,1.20,0.44,0.61,0.63,1.41,0.47,0.37,0.71,0.27,0.46,1.95,0.56,0.40,0.88,0.88,0.41,1.13,0.36,0.60,1.62,0.60,0.91,2.66,0.29,0.62,0.29,0.59,1.04,2.16,0.61,0.57,0.18,0.81,0.79,0.44,1.26,0.30,0.69,0.84,0.39,0.74,0.54,0.69,0.32,0.13,0.51,0.63,0.64,0.98,0.91,,,,,,,,,,,,,,,,,,,,,,,,,,,,,,,,,,,,,,,,,,,,,,,,,,,,,,,,,,,,,,,,,,,,,,,,,,,,,,,,,,,,,,,,,,,,,,,,,,,,,,,,,,,,,,,,,,,,,,,,,,,,,,,,,,,,,,,,,,,,,,,,,,,,,,,,,,,,,,,,,,,,,,,,,,,,,,,,,,
20140724,23,AQI,95,47,60,116,54,70,169,52,67,121,57,106,54,51,77,80,38,184,267,43,29,41,56,32,26,53,51,50,56,56,21,53,24,34,38,68,25,36,32,31,35,31,17,22,24,37,30,46,68,21,56,76,125,53,47,26,44,29,56,63,44,62,84,53,56,51,59,92,19,64,95,63,93,35,128,110,80,47,46,37,57,88,69,39,57,68,12,55,24,23,33,61,69,30,33,34,53,28,39,66,31,24,59,39,44,38,29,63,58,74,55,38,65,62,65,105,68,79,68,186,197,203,279,40,31,67,45,47,52,47,68,116,58,51,71,101,42,37,35,74,22,58,41,80,54,48,51,66,77,42,77,72,87,62,58,116,60,72,61,201,27,42,21,14,23,10,21,37,19,22,34,35,20,42,53,47,91,53,19,58,29,29,10,49,38,18,27,37,37,,,,,,,,,,,,,,,,,,,,,,,,,,,,,,,,,,,,,,,,,,,,,,,,,,,,,,,,,,,,,,,,,,,,,,,,,,,,,,,,,,,,,,,,,,,,,,,,,,,,,,,,,,,,,,,,,,,,,,,,,,,,,,,,,,,,,,,,,,,,,,,,,,,,,,,,,,,,,,,,,,,,,,,,,,,,,,,,,,
20140724,23,PM2.5,71,33,28,88,29,30,128,14,32,92,36,80,17,15,30,48,19,139,217,19,19,18,22,10,15,32,21,22,30,20,12,16,10,19,14,49,13,18,20,15,17,19,7,11,9,17,20,16,49,7,31,51,95,37,24,18,31,20,23,45,31,42,44,16,27,21,41,49,9,29,52,37,37,16,97,83,37,16,27,20,28,40,34,24,31,49,4,39,15,9,18,44,50,11,7,9,33,9,21,48,22,9,42,11,31,15,19,39,31,54,37,13,32,20,32,79,49,58,45,140,148,153,229,25,22,44,13,27,27,22,42,88,35,35,49,76,24,26,9,49,13,41,23,48,29,30,16,30,44,29,21,27,33,21,26,33,15,33,37,59,14,22,9,10,5,7,4,3,6,7,3,5,2,17,14,22,18,22,6,20,11,13,3,17,10,12,14,16,26,,,,,,,,,,,,,,,,,,,,,,,,,,,,,,,,,,,,,,,,,,,,,,,,,,,,,,,,,,,,,,,,,,,,,,,,,,,,,,,,,,,,,,,,,,,,,,,,,,,,,,,,,,,,,,,,,,,,,,,,,,,,,,,,,,,,,,,,,,,,,,,,,,,,,,,,,,,,,,,,,,,,,,,,,,,,,,,,,,
20140724,23,PM2.5_24h,64,53,29,72,28,57,61,24,19,50,49,65,23,20,29,43,20,60,132,20,31,20,24,27,56,34,21,24,34,26,31,20,51,22,15,28,16,20,19,19,13,17,10,9,42,33,13,11,123,21,43,52,88,58,26,23,39,31,31,48,42,52,39,11,29,18,43,35,9,16,67,48,49,38,88,84,33,12,41,33,30,42,18,42,56,77,70,76,80,25,36,90,69,21,11,45,54,12,17,31,28,15,68,28,22,29,21,30,34,55,37,31,29,19,21,108,69,60,36,56,142,111,171,30,26,31,19,79,48,56,37,38,48,44,54,60,35,73,7,60,8,23,21,37,32,21,17,23,44,67,9,12,18,16,15,14,16,35,33,38,45,70,17,19,30,35,27,20,32,26,5,8,13,14,18,14,23,22,16,26,14,14,12,17,22,19,17,15,45,,,,,,,,,,,,,,,,,,,,,,,,,,,,,,,,,,,,,,,,,,,,,,,,,,,,,,,,,,,,,,,,,,,,,,,,,,,,,,,,,,,,,,,,,,,,,,,,,,,,,,,,,,,,,,,,,,,,,,,,,,,,,,,,,,,,,,,,,,,,,,,,,,,,,,,,,,,,,,,,,,,,,,,,,,,,,,,,,,
20140724,23,PM10,116,41,70,137,58,90,183,54,83,152,63,114,57,51,104,109,38,240,286,43,29,41,62,32,26,55,52,50,61,62,21,55,24,34,38,68,17,36,32,31,35,31,12,22,24,37,30,46,80,21,61,101,173,46,47,26,44,21,62,54,41,74,117,55,61,51,68,134,18,78,139,75,135,35,141,127,109,47,46,37,63,126,87,39,63,84,6,60,24,23,33,,66,30,17,34,55,28,39,66,,24,,39,28,38,29,76,65,74,60,38,79,73,80,156,80,85,86,174,179,179,281,40,24,83,45,47,53,47,86,137,65,52,92,111,42,,35,97,22,62,41,109,57,48,52,81,104,42,103,93,124,74,66,181,70,93,71,351,27,42,,8,,10,11,18,16,14,5,7,6,42,55,47,132,56,19,65,29,29,7,49,38,18,27,37,28,,,,,,,,,,,,,,,,,,,,,,,,,,,,,,,,,,,,,,,,,,,,,,,,,,,,,,,,,,,,,,,,,,,,,,,,,,,,,,,,,,,,,,,,,,,,,,,,,,,,,,,,,,,,,,,,,,,,,,,,,,,,,,,,,,,,,,,,,,,,,,,,,,,,,,,,,,,,,,,,,,,,,,,,,,,,,,,,,,
20140724,23,PM10_24h,117,90,77,149,68,122,106,57,68,89,98,121,61,57,94,90,43,97,169,51,67,60,62,70,94,76,61,67,98,66,56,64,80,38,38,48,29,47,44,38,33,25,17,15,56,33,22,30,213,52,96,93,130,87,47,43,59,44,45,68,60,83,84,32,58,37,101,81,19,57,100,84,83,175,116,123,79,29,67,55,54,88,34,111,84,133,145,128,148,40,66,134,143,37,25,101,86,29,38,51,44,29,86,45,43,40,45,37,62,91,60,68,57,55,73,189,108,97,63,87,166,154,196,50,46,63,41,127,118,76,83,74,84,80,105,91,61,109,37,99,17,39,39,86,57,43,54,38,77,100,48,30,66,42,45,44,62,71,73,139,78,112,24,28,46,47,42,43,42,54,10,19,21,50,61,58,131,53,48,79,37,37,32,44,49,34,33,33,79,,,,,,,,,,,,,,,,,,,,,,,,,,,,,,,,,,,,,,,,,,,,,,,,,,,,,,,,,,,,,,,,,,,,,,,,,,,,,,,,,,,,,,,,,,,,,,,,,,,,,,,,,,,,,,,,,,,,,,,,,,,,,,,,,,,,,,,,,,,,,,,,,,,,,,,,,,,,,,,,,,,,,,,,,,,,,,,,,,
20140724,23,SO2,9,15,25,13,20,39,58,15,18,12,10,16,37,26,13,9,4,8,11,7,5,10,12,2,20,3,12,22,25,18,17,10,13,6,5,5,12,8,6,2,3,12,5,6,11,8,26,42,48,9,25,9,19,6,5,5,16,8,7,12,6,43,9,4,16,6,10,45,8,7,14,15,6,3,21,32,33,14,7,15,16,15,7,7,26,20,6,33,12,5,8,52,20,8,9,14,34,14,8,21,6,6,10,2,11,14,18,9,21,37,25,26,33,33,22,29,12,15,15,6,4,9,12,31,4,15,25,34,42,25,34,35,13,15,29,17,11,6,12,18,2,13,26,36,14,17,19,24,9,39,12,15,8,9,14,190,15,61,5,13,11,13,3,1,3,2,2,6,8,5,10,12,14,9,19,12,17,23,15,50,20,14,18,9,6,11,17,6,6,,,,,,,,,,,,,,,,,,,,,,,,,,,,,,,,,,,,,,,,,,,,,,,,,,,,,,,,,,,,,,,,,,,,,,,,,,,,,,,,,,,,,,,,,,,,,,,,,,,,,,,,,,,,,,,,,,,,,,,,,,,,,,,,,,,,,,,,,,,,,,,,,,,,,,,,,,,,,,,,,,,,,,,,,,,,,,,,,,
20140724,23,SO2_24h,7,24,23,36,38,27,37,21,20,12,16,14,28,21,18,13,5,8,9,6,10,9,11,4,29,47,13,30,36,23,19,10,7,9,9,4,13,8,7,2,3,11,6,6,13,6,7,11,79,10,38,18,16,19,10,8,22,13,9,23,15,23,16,10,15,8,18,44,9,13,20,22,8,15,16,21,59,10,10,18,19,50,5,24,34,26,20,64,24,10,14,77,40,9,11,37,23,12,9,21,12,7,14,7,12,14,15,11,26,44,31,27,61,35,25,27,25,19,24,7,5,9,12,37,6,10,49,34,56,73,38,23,25,12,33,23,14,63,87,64,2,14,12,44,7,14,23,22,14,47,16,15,8,10,13,36,16,31,4,24,22,45,2,3,8,4,3,9,14,8,12,13,14,6,23,13,28,24,12,43,16,15,26,8,9,22,18,4,8,,,,,,,,,,,,,,,,,,,,,,,,,,,,,,,,,,,,,,,,,,,,,,,,,,,,,,,,,,,,,,,,,,,,,,,,,,,,,,,,,,,,,,,,,,,,,,,,,,,,,,,,,,,,,,,,,,,,,,,,,,,,,,,,,,,,,,,,,,,,,,,,,,,,,,,,,,,,,,,,,,,,,,,,,,,,,,,,,,
20140724,23,NO2,66,55,55,29,24,66,66,20,36,56,20,47,49,35,79,72,51,78,78,11,14,20,20,8,25,25,17,21,19,14,8,12,30,27,6,24,6,13,13,4,3,40,6,30,9,34,39,32,49,25,45,33,45,46,21,20,38,15,13,41,16,53,48,27,44,90,62,82,15,76,95,36,82,41,59,38,46,44,42,19,47,84,28,27,30,26,11,41,10,15,14,29,17,6,16,7,45,12,13,13,11,4,21,3,24,10,24,27,25,21,38,15,55,47,21,58,46,38,62,61,33,34,27,12,5,12,42,40,18,24,26,37,33,39,16,11,12,34,7,45,22,71,40,45,49,46,36,30,47,30,70,61,78,46,50,38,33,44,22,11,8,14,6,,8,12,11,12,6,4,3,2,3,21,14,19,8,6,35,18,12,10,16,9,17,11,12,13,17,,,,,,,,,,,,,,,,,,,,,,,,,,,,,,,,,,,,,,,,,,,,,,,,,,,,,,,,,,,,,,,,,,,,,,,,,,,,,,,,,,,,,,,,,,,,,,,,,,,,,,,,,,,,,,,,,,,,,,,,,,,,,,,,,,,,,,,,,,,,,,,,,,,,,,,,,,,,,,,,,,,,,,,,,,,,,,,,,,
20140724,23,NO2_24h,73,55,53,46,50,41,44,20,40,33,43,33,31,38,41,41,36,41,40,12,21,20,19,16,26,37,19,28,30,14,13,14,30,29,9,14,20,20,16,5,4,17,10,19,12,23,20,21,69,22,45,23,23,36,26,17,24,11,12,29,26,27,37,19,26,42,41,41,13,29,67,31,28,56,35,23,42,14,36,19,28,64,14,30,47,39,27,68,24,30,22,48,33,9,24,26,31,12,10,12,16,4,23,11,21,11,16,16,15,22,31,32,32,26,25,46,35,35,48,30,18,23,22,13,8,13,37,54,27,35,21,25,24,21,15,13,10,40,6,33,13,35,19,28,24,23,30,23,30,28,26,24,44,23,35,23,23,28,16,28,20,50,7,13,22,21,17,30,19,22,7,9,4,15,20,25,26,17,29,27,8,18,17,6,28,26,26,11,29,,,,,,,,,,,,,,,,,,,,,,,,,,,,,,,,,,,,,,,,,,,,,,,,,,,,,,,,,,,,,,,,,,,,,,,,,,,,,,,,,,,,,,,,,,,,,,,,,,,,,,,,,,,,,,,,,,,,,,,,,,,,,,,,,,,,,,,,,,,,,,,,,,,,,,,,,,,,,,,,,,,,,,,,,,,,,,,,,,
20140724,23,O3,46,48,56,19,40,18,52,52,30,10,49,55,51,69,20,17,38,8,26,69,38,52,50,39,9,14,48,56,31,26,36,44,29,40,56,46,80,36,64,68,48,15,55,35,30,21,35,21,29,39,74,145,47,40,59,71,43,68,63,67,101,22,36,29,55,27,24,15,60,37,9,55,40,54,53,76,67,67,45,55,24,19,12,29,54,57,38,56,38,73,64,57,51,42,104,101,25,25,26,38,76,48,111,65,31,30,27,32,17,83,48,93,40,31,67,25,13,40,14,18,42,26,66,33,34,82,43,70,69,64,100,69,24,60,36,30,36,54,61,52,39,62,35,26,25,35,98,46,26,64,30,35,7,50,52,66,116,40,66,98,65,59,68,40,73,,,118,60,71,108,112,64,52,53,30,47,68,54,62,49,40,31,46,67,50,69,32,69,,,,,,,,,,,,,,,,,,,,,,,,,,,,,,,,,,,,,,,,,,,,,,,,,,,,,,,,,,,,,,,,,,,,,,,,,,,,,,,,,,,,,,,,,,,,,,,,,,,,,,,,,,,,,,,,,,,,,,,,,,,,,,,,,,,,,,,,,,,,,,,,,,,,,,,,,,,,,,,,,,,,,,,,,,,,,,,,,,
20140724,23,O3_24h,137,103,108,53,49,103,116,125,123,83,90,107,113,138,135,107,81,112,101,88,139,96,130,89,104,148,110,125,122,93,97,78,70,70,88,71,68,78,94,73,55,57,62,78,61,71,72,72,85,81,136,314,135,246,81,94,188,130,108,287,180,176,122,56,171,139,123,139,79,151,123,86,123,114,123,170,170,144,103,129,100,92,50,144,139,126,77,114,171,93,133,201,121,73,106,119,191,68,65,97,104,123,242,118,78,102,83,137,82,207,115,115,107,88,78,112,143,128,77,142,99,123,111,53,74,90,88,98,130,109,197,175,122,90,69,57,118,114,86,345,53,175,135,139,138,60,197,73,93,158,87,134,136,123,125,117,175,98,124,121,83,61,77,96,77,93,64,118,91,89,115,112,66,91,82,80,117,106,136,123,114,122,83,113,66,60,70,53,136,,,,,,,,,,,,,,,,,,,,,,,,,,,,,,,,,,,,,,,,,,,,,,,,,,,,,,,,,,,,,,,,,,,,,,,,,,,,,,,,,,,,,,,,,,,,,,,,,,,,,,,,,,,,,,,,,,,,,,,,,,,,,,,,,,,,,,,,,,,,,,,,,,,,,,,,,,,,,,,,,,,,,,,,,,,,,,,,,,
20140724,23,O3_8h,102,61,77,31,37,50,93,82,73,55,61,85,85,100,73,60,50,51,60,63,72,57,51,36,41,65,61,65,47,50,48,57,30,40,61,53,71,39,66,67,46,42,55,48,40,40,49,28,46,37,96,139,99,114,54,63,111,95,77,145,111,87,75,36,118,92,81,77,60,104,62,74,91,70,94,136,113,109,77,72,59,55,17,37,76,80,40,57,77,68,76,89,58,34,93,99,54,33,45,66,62,53,173,85,38,44,42,71,54,113,86,95,71,68,87,73,71,75,41,65,59,61,87,34,45,63,54,76,76,77,150,143,62,77,43,48,72,95,62,129,47,124,92,87,99,37,159,54,66,112,66,102,73,95,92,96,144,76,80,106,65,50,67,39,58,89,,103,57,55,105,99,63,57,52,35,37,66,82,67,68,54,45,52,37,36,49,37,75,,,,,,,,,,,,,,,,,,,,,,,,,,,,,,,,,,,,,,,,,,,,,,,,,,,,,,,,,,,,,,,,,,,,,,,,,,,,,,,,,,,,,,,,,,,,,,,,,,,,,,,,,,,,,,,,,,,,,,,,,,,,,,,,,,,,,,,,,,,,,,,,,,,,,,,,,,,,,,,,,,,,,,,,,,,,,,,,,,
20140724,23,O3_8h_24h,111,100,79,65,38,94,96,104,96,82,80,90,105,124,114,113,80,92,84,69,108,82,89,65,125,114,91,96,84,83,145,74,74,54,61,61,63,62,80,67,49,48,43,65,60,62,69,84,67,68,117,156,124,194,79,97,158,116,95,220,166,147,106,43,162,114,102,107,71,136,84,80,110,113,111,161,150,136,84,119,81,77,41,118,110,101,47,80,127,73,116,154,80,75,94,124,144,66,61,88,76,117,213,99,65,73,70,117,78,164,106,95,93,76,79,94,129,101,73,118,87,114,97,51,67,112,70,97,103,81,167,152,96,85,57,54,107,99,79,190,49,133,122,114,122,46,168,65,85,137,77,124,132,117,110,109,159,92,102,112,75,52,77,79,67,102,64,103,90,101,106,99,63,78,67,52,66,82,110,96,106,90,74,77,64,43,49,40,96,,,,,,,,,,,,,,,,,,,,,,,,,,,,,,,,,,,,,,,,,,,,,,,,,,,,,,,,,,,,,,,,,,,,,,,,,,,,,,,,,,,,,,,,,,,,,,,,,,,,,,,,,,,,,,,,,,,,,,,,,,,,,,,,,,,,,,,,,,,,,,,,,,,,,,,,,,,,,,,,,,,,,,,,,,,,,,,,,,
20140724,23,CO,1.49,0.97,1.35,0.28,0.68,0.81,2.26,0.62,0.63,2.51,0.41,0.91,0.44,0.58,0.85,0.84,0.63,1.48,1.51,0.39,0.53,0.59,0.41,0.55,1.12,0.59,0.59,0.52,1.01,0.72,0.37,0.22,0.43,0.53,0.43,0.54,0.18,0.51,0.26,0.53,0.55,0.76,0.54,0.63,0.41,1.14,0.49,1.02,1.46,0.33,1.13,0.75,0.97,0.68,1.10,0.86,0.85,0.90,0.80,0.66,0.62,1.41,1.11,0.62,0.75,1.03,1.25,1.54,0.53,1.05,1.76,0.90,1.26,0.48,1.04,0.98,0.98,0.77,1.03,1.69,0.79,0.90,0.91,1.06,1.11,0.84,0.84,1.21,0.59,0.28,0.34,0.87,1.02,0.22,0.34,0.48,1.46,0.63,1.05,0.71,0.71,0.87,0.85,0.67,1.71,1.72,1.27,1.40,1.56,0.99,0.77,0.64,1.11,1.00,0.77,1.63,0.91,2.72,0.71,1.12,0.99,0.86,1.45,0.46,0.76,0.95,1.59,0.93,0.58,0.90,0.61,1.23,0.90,0.93,1.07,,1.63,0.68,0.84,0.92,0.53,0.84,0.90,1.55,0.71,0.69,0.70,0.46,0.54,1.37,0.96,0.56,0.82,0.91,0.57,1.65,0.45,0.88,1.87,0.45,0.39,0.74,0.26,0.52,0.15,,2.09,1.69,,0.17,0.27,0.68,0.61,0.46,1.17,0.45,0.38,0.77,0.35,0.68,0.60,0.88,0.36,0.12,0.45,0.61,0.60,1.13,0.34,,,,,,,,,,,,,,,,,,,,,,,,,,,,,,,,,,,,,,,,,,,,,,,,,,,,,,,,,,,,,,,,,,,,,,,,,,,,,,,,,,,,,,,,,,,,,,,,,,,,,,,,,,,,,,,,,,,,,,,,,,,,,,,,,,,,,,,,,,,,,,,,,,,,,,,,,,,,,,,,,,,,,,,,,,,,,,,,,,
20140724,23,CO_24h,1.01,1.74,0.71,0.68,1.23,1.58,0.98,0.83,0.59,1.08,0.78,0.70,0.53,0.62,0.78,1.27,0.66,0.82,1.04,0.44,0.64,0.55,0.47,0.65,1.23,0.75,0.56,0.64,1.47,0.78,0.57,0.29,0.60,0.53,0.48,0.62,0.36,0.58,0.40,0.53,0.55,0.58,0.54,0.53,0.85,1.00,0.41,0.91,2.13,0.41,1.30,0.94,0.91,0.84,1.12,0.93,0.90,0.96,0.90,0.84,0.73,1.27,0.94,0.44,0.69,0.83,0.89,0.87,0.67,0.83,2.22,1.05,0.81,0.68,0.94,0.97,1.80,0.50,1.96,1.72,1.16,1.11,0.68,1.26,1.29,1.32,1.31,2.05,1.11,0.63,0.49,1.61,2.26,0.36,0.32,1.04,1.25,0.66,1.00,0.63,1.03,0.84,1.07,0.84,1.63,1.44,1.19,1.26,2.19,1.13,0.95,1.02,1.62,0.69,0.73,2.72,2.01,3.20,1.02,0.68,0.95,0.65,1.14,0.43,0.75,0.71,1.36,1.45,0.92,1.30,0.62,0.77,0.84,1.08,1.15,,1.26,0.80,0.85,1.20,0.45,0.62,0.63,1.42,0.46,0.37,0.71,0.28,0.45,1.93,0.59,0.40,0.88,0.88,0.42,1.15,0.37,0.62,1.65,0.58,0.86,2.56,0.29,0.61,0.28,0.59,1.03,2.12,0.59,0.53,0.17,0.81,0.78,0.44,1.26,0.30,0.68,0.84,0.38,0.74,0.54,0.70,0.32,0.13,0.51,0.63,0.64,0.99,0.87,,,,,,,,,,,,,,,,,,,,,,,,,,,,,,,,,,,,,,,,,,,,,,,,,,,,,,,,,,,,,,,,,,,,,,,,,,,,,,,,,,,,,,,,,,,,,,,,,,,,,,,,,,,,,,,,,,,,,,,,,,,,,,,,,,,,,,,,,,,,,,,,,,,,,,,,,,,,,,,,,,,,,,,,,,,,,,,,,,